h_e,k,s,dp,minDist,param1,param2,minRadius,maxRadius
0,15,1,1,15,70,80,12,200
0,15,1,1,15,70,80,15,200
0,15,1,1,15,75,80,0,192
0,15,1,1,15,75,80,12,192
0,15,1,1,15,75,80,15,192
0,15,1,1,25,70,80,0,200
0,15,1,1,25,70,80,12,200
0,15,1,1,25,70,80,15,200
0,15,1,1,25,75,80,12,192
0,15,1,1,25,75,80,15,192
0,15,1,1,5,75,95,15,192
0,15,1,1,15,70,90,15,200
0,15,1,1,15,70,90,12,190
0,15,1,1,15,70,90,12,194
0,15,1,1,15,70,90,12,196
0,15,1,1,15,70,90,12,198
0,15,1,1,15,70,90,12,200
0,15,1,1,15,70,90,15,190
0,15,1,1,15,70,90,15,196
0,15,1,1,15,70,90,15,198
0,15,1,1,15,70,90,15,200
0,15,1,1,15,70,95,15,190
0,15,1,1,15,70,95,15,196
0,15,1,1,15,70,95,15,198
0,15,1,1,15,70,95,15,200
0,15,1,1,15,75,85,12,192
0,15,1,1,15,75,85,12,198
0,15,1,1,15,75,85,15,192
0,15,1,1,15,75,85,15,196
0,15,1,1,15,75,85,15,198
0,15,1,1,15,80,80,15,198
0,15,1,1,15,70,85,12,192
0,15,1,1,15,70,85,12,194
0,15,1,1,15,70,85,12,200
0,15,1,1,15,70,85,15,192
0,15,1,1,15,70,85,15,194
0,15,1,1,15,70,85,15,200
0,15,1,1,15,70,90,12,192
0,15,1,1,15,70,90,12,194
0,15,1,1,15,70,90,12,200
0,15,1,1,15,70,90,15,192
0,15,1,1,15,70,90,15,194
0,15,1,1,15,70,90,15,200
0,15,1,1,15,75,80,0,192
0,15,1,1,15,75,80,0,194
0,15,1,1,15,75,80,12,190
0,15,1,1,15,75,80,12,192
0,15,1,1,15,75,80,12,194
0,15,1,1,15,75,80,12,198
0,15,1,1,15,75,80,12,200
0,15,1,1,15,75,80,15,190
0,15,1,1,15,75,80,15,192
0,15,1,1,15,75,80,15,194
0,15,1,1,15,75,80,15,198
0,15,1,1,15,75,80,15,200
0,15,1,1,15,75,85,12,190
0,15,1,1,15,75,85,12,192
0,15,1,1,15,75,85,12,194
0,15,1,1,15,75,85,12,198
0,15,1,1,15,75,85,12,200
0,15,1,1,15,75,85,15,190
0,15,1,1,15,75,85,15,192
0,15,1,1,15,75,85,15,194
0,15,1,1,15,75,85,15,198
0,15,1,1,15,75,85,15,200
0,15,1,1,25,75,80,0,192
0,15,1,1,25,75,80,0,194
0,15,1,1,15,70,85,12,194
0,15,1,1,15,70,85,12,196
0,15,1,1,15,70,85,12,198
0,15,1,1,15,70,90,12,192
0,15,1,1,15,70,90,12,194
0,15,1,1,15,70,90,15,192
0,15,1,1,15,70,90,15,194
0,15,1,1,15,75,85,12,190
0,15,1,1,15,75,85,12,200
0,15,1,1,15,75,85,15,192
0,15,1,1,15,75,85,15,194
0,15,1,1,15,80,80,12,190
0,15,1,1,15,80,80,15,190
0,15,1,1,15,80,90,12,192
0,15,1,1,15,80,90,12,196
0,15,1,1,15,80,90,12,198
0,15,1,1,15,80,90,15,190
0,15,1,1,15,80,90,15,192
0,15,1,1,15,80,90,15,196
0,15,1,1,15,80,90,15,198
0,15,1,1,15,80,95,12,194
0,15,1,1,15,80,95,12,196
0,15,1,1,15,80,95,12,198
0,15,1,1,15,85,90,12,196
0,15,1,1,15,85,90,12,198
0,15,1,1,15,85,90,12,200
0,15,1,1,15,75,100,12,194
0,15,1,1,15,75,100,12,198
0,15,1,1,15,75,100,15,194
0,15,1,1,15,75,100,15,198
0,15,1,1,15,75,100,15,200
0,15,1,1,15,80,95,15,200
0,15,1,1,15,90,85,0,192
0,15,1,1,25,90,85,0,192
0,15,1,1,15,70,105,0,194
0,15,1,1,15,70,105,12,194
0,15,1,1,15,75,95,15,192
0,15,1,1,15,75,100,12,192
0,15,1,1,15,75,100,12,196
0,15,1,1,15,85,85,12,190
0,15,1,1,15,85,85,12,192
0,15,1,1,15,85,85,12,196
0,15,1,1,15,85,85,15,190
0,15,1,1,15,85,85,15,192
0,15,1,1,15,85,85,15,196
0,15,1,1,5,70,95,12,190
0,15,1,1,5,85,80,12,190
0,15,1,1,5,85,80,12,194
0,15,1,1,5,85,80,12,196
0,15,1,1,5,85,80,12,198
0,15,1,1,5,85,80,12,200
0,15,1,1,5,85,80,15,190
0,15,1,1,5,85,80,15,194
0,15,1,1,5,85,80,15,196
0,15,1,1,5,85,80,15,198
0,15,1,1,5,85,80,15,200
0,15,1,1,5,70,100,0,190
0,15,1,1,5,70,100,0,192
0,15,1,1,5,70,100,0,196
0,15,1,1,5,70,100,0,198
0,15,1,1,5,70,100,0,200
0,15,1,1,5,70,100,12,190
0,15,1,1,5,70,100,12,196
0,15,1,1,5,70,100,12,198
0,15,1,1,5,70,100,15,190
0,15,1,1,5,70,100,15,196
0,15,1,1,5,80,90,12,190
0,15,1,1,5,80,90,12,192
0,15,1,1,5,80,90,12,194
0,15,1,1,5,80,90,12,196
0,15,1,1,5,80,90,12,198
0,15,1,1,5,80,90,12,200
0,15,1,1,5,85,85,0,190
0,15,1,1,5,85,85,0,192
0,15,1,1,5,85,85,0,194
0,15,1,1,5,85,85,0,196
0,15,1,1,5,85,85,0,198
0,15,1,1,5,85,85,0,200
0,15,1,1,5,90,80,12,190
0,15,1,1,5,90,80,12,192
0,15,1,1,5,90,80,12,194
0,15,1,1,5,90,80,12,196
0,15,1,1,5,90,80,12,198
0,15,1,1,5,90,80,12,200
0,15,1,1,5,90,80,15,190
0,15,1,1,15,70,100,12,190
0,15,1,1,15,70,100,12,196
0,15,1,1,15,70,100,12,198
0,15,1,1,15,70,100,15,190
0,15,1,1,15,70,100,15,196
0,15,1,1,15,75,95,15,190
